8224  1399  1399
8226  1561  162
8227  1562  1
8228  1563  1
8231  1601  38
8232  1638  37
8234  1651  13
8235  1656  5
8237  1683  27
8238  1761  78
8239  1764  3
8240  1765  1
8241  1831  66
8242  1844  13
8243  1851  7
8244  1861  10
8245  1867  6
8246  1869  2
8247  1872  3
8248  1876  4
8249  1879  3
8251  1880  1
8252  1881  1
8253  1883  2
8257  2089  206
8258  2203  114
8259  2326  123
8260  2396  70
8261  2465  69
8262  2534  69
8263  2592  58
8264  2673  81
8265  3088  415
8266  3144  56
8267  3188  44
8268  3260  72
8269  3446  186
8270  3511  65
8271  3584  73
8272  3652  68
8273  3654  2
8274  3697  43
8275  3833  136
8276  3960  127
8277  3974  14
8278  3995  21
8279  4086  91
8280  4090  4
8281  4105  15
8282  4107  2
8283  4134  27
8287  4141  7
8288  4142  1
8289  6579  2437
8290  7111  532
8291  7697  586
8292  8128  431
8294  8800  672
8295  9056  256
8296  10022  966
8297  11110  1088
8298  11206  96
8299  11297  91
8300  11594  297
8301  12155  561
8302  12544  389
8303  13736  1192
8304  14118  382
8305  14157  39
8306  14320  163
8307  15390  1070
8308  17144  1754
8309  17328  184
8310  17394  66
8311  18702  1308
8312  18707  5
8313  18944  237
8316  18967  23
8337  18968  1
8348  18970  2
8480  19007  37
8482  19016  9
8487  19021  5
8493  19024  3
8736  19167  143
8743  19170  3
8745  19171  1
8748  19172  1
8749  19175  3
8750  19176  1
8762  19177  1
8763  19182  5
8765  19183  1
8769  19195  12
8770  19205  10
8771  19209  4
8772  19216  7
8774  19218  2
8775  19221  3
8776  19227  6
8777  19252  25
8778  19254  2
8779  19260  6
8780  19265  5
8781  19273  8
8782  19277  4
8783  19299  22
8784  19300  1
8787  19307  7
8788  19318  11
8791  19333  15
8793  19336  3
8795  19338  2
8799  19339  1
8801  19346  7
8802  19353  7
8803  19355  2
8804  19357  2
8806  19358  1
8809  19363  5
8813  19364  1
8814  19367  3
8815  19368  1
8816  19369  1
8819  19372  3
8820  19379  7
8823  19380  1
8825  19381  1
8992  19382  1
8995  19384  2
8997  19386  2
9009  19398  12
9010  19410  12
9011  19426  16
9012  19436  10
9013  19438  2
9014  19441  3
9015  19443  2
9016  19444  1
9017  19447  3
9035  19448  1
9037  19449  1
9058  19451  2
9064  19453  2
9068  19454  1
9069  19455  1
9522  19458  3
9523  19459  1
9760  19460  1
10016  19515  55
10017  19516  1
10018  19519  3
10028  19521  2
10029  19523  2
10031  19524  1
10043  19526  2
10047  19527  1
10049  19531  4
10051  19533  2
10052  19534  1
10056  19535  1
10057  19544  9
10059  19545  1
10060  19547  2
10061  19549  2
10062  19550  1
10063  19552  2
10064  19553  1
10067  19560  7
10068  19561  1
10070  19563  2
10075  19564  1
10081  19576  12
10082  19578  2
10083  19581  3
10084  19586  5
10086  19587  1
10089  19591  4
10091  19592  1
10092  19608  16
10093  19621  13
10094  19624  3
10095  19625  1
10098  19626  1
10099  19714  88
10100  19775  61
10101  19776  1
10102  19777  1
10105  19778  1
10289  19781  3
10290  19782  1
10306  19785  3
10307  19786  1
10308  19787  1
10310  19788  1
10315  19790  2
10316  19792  2
10317  19793  1
10319  19795  2
10320  19798  3
10323  19800  2
10324  19801  1
10327  19802  1
10337  19804  2
10338  19807  3
10339  19809  2
10342  19811  2
10345  19814  3
10348  19815  1
10350  19817  2
10351  19818  1
10352  19821  3
10355  19823  2
10356  19824  1
10357  19825  1
10358  19827  2
10359  19830  3
10360  19831  1
10528  19849  18
10540  19858  9
10541  19859  1
10542  19862  3
10554  19863  1
10784  19878  15
11040  19885  7
11051  19886  1
11053  19891  5
11092  19892  1
11296  21512  1620
11298  21553  41
11303  21565  12
11309  21571  6
11312  21578  7
11314  21579  1
11319  21581  2
11355  21584  3
11357  21585  1
11552  21598  13
11554  21601  3
11559  21603  2
11561  21604  1
11563  21613  9
11564  21614  1
11565  21818  204
11569  21820  2
11570  21821  1
11573  21822  1
11574  21823  1
11585  21828  5
11586  21833  5
11587  21836  3
11588  21843  7
11589  21844  1
11590  21846  2
11592  21847  1
11593  21858  11
11594  21860  2
11595  21862  2
11596  21863  1
11597  21875  12
11599  21877  2
11600  21878  1
11602  21880  2
11603  21884  4
11604  21888  4
11607  21891  3
11609  21896  5
11610  21898  2
11615  21899  1
11617  21918  19
11618  21935  17
11619  21950  15
11620  21964  14
11622  21974  10
11623  21980  6
11624  21984  4
11625  21990  6
11626  21991  1
11628  22000  9
11629  22010  10
11630  22023  13
11631  22028  5
11632  22038  10
11634  22051  13
11635  22060  9
11636  22074  14
11639  22092  18
11641  22093  1
11744  22095  2
11808  22870  775
11810  22903  33
11815  22910  7
11817  22915  5
11818  22916  1
11820  22929  13
11821  22939  10
11822  23033  94
11829  23034  1
11835  23035  1
11837  23036  1
11843  23037  1
11844  23040  3
11845  23041  1
11848  23044  3
11855  23045  1
11859  23046  1
11860  23047  1
11867  23053  6
11869  23055  2
11871  23056  1
11880  23090  34
11887  23091  1
11900  23123  32
11924  23124  1
12064  23125  1
12076  23126  1
12079  23127  1
12105  23128  1
12108  23129  1
12136  23130  1
12320  23136  6
12329  23138  2
12332  23143  5
12334  23150  7
12336  23168  18
12337  23173  5
12338  23175  2
12339  23177  2
12340  23182  5
12341  23184  2
12342  23185  1
12343  23189  4
12344  23193  4
12346  23194  1
12381  23201  7
12388  23202  1
12390  23203  1
12398  23204  1
12399  23205  1
12404  23208  3
12576  23214  6
12585  23217  3
12588  23220  3
12590  23231  11
12592  23242  11
12593  23245  3
12594  23251  6
12595  23257  6
12596  23265  8
12597  23277  12
12598  23281  4
12599  23289  8
12600  23311  22
12601  23322  11
12637  23331  9
12641  23332  1
12642  23333  1
12658  23334  1
12659  23336  2
12832  23341  5
12844  23342  1
12845  23345  3
12846  23353  8
12848  23365  12
12849  23368  3
12850  23401  33
12851  23402  1
12852  23412  10
12853  23415  3
12854  23417  2
12855  23422  5
12856  23426  4
12857  23429  3
12893  23434  5
12900  23435  1
12904  23462  27
12910  23465  3
13088  23468  3
13097  23471  3
13100  23475  4
13102  23481  6
13104  23488  7
13105  23492  4
13106  23493  1
13107  23497  4
13108  23501  4
13109  23504  3
13110  23509  5
13111  23514  5
13112  23517  3
13113  23520  3
13128  23521  1
13149  23528  7
13156  23532  4
13344  23538  6
13353  23540  2
13356  23544  4
13357  23545  1
13358  23551  6
13360  23558  7
13361  23560  2
13362  23593  33
13363  23594  1
13364  23599  5
13365  23600  1
13366  23601  1
13367  23606  5
13368  23607  1
13369  23608  1
13405  23610  2
13411  23611  1
13428  23612  1
13600  23614  2
13607  23615  1
13609  23616  1
13612  23617  1
13613  23618  1
13614  23625  7
13616  23634  9
13618  23635  1
13619  23638  3
13620  23640  2
13621  23644  4
13623  23646  2
13624  23647  1
13625  23649  2
13638  23650  1
13661  23655  5
13684  23656  1
13856  23659  3
13868  23663  4
13870  23668  5
13872  23673  5
13873  23675  2
13874  23676  1
13875  23681  5
13876  23683  2
13877  23686  3
13878  23688  2
13880  23692  4
13881  23693  1
13917  23701  8
13921  23702  1
14112  23708  6
14121  23710  2
14126  23717  7
14128  23721  4
14129  23725  4
14130  23726  1
14131  23730  4
14132  23732  2
14133  23734  2
14135  23737  3
14136  23741  4
14137  23743  2
14138  23744  1
14173  23753  9
14368  23757  4
14380  23761  4
14381  23762  1
14382  23768  6
14384  23772  4
14385  23776  4
14386  23778  2
14387  23779  1
14388  23782  3
14389  23784  2
14390  23788  4
14391  23789  1
14392  23791  2
14393  23795  4
14429  23805  10
14624  23806  1
14633  23807  1
14636  23809  2
14638  23816  7
14640  23820  4
14641  23824  4
14642  23826  2
14643  23828  2
14644  23829  1
14645  23833  4
14646  23834  1
14648  23836  2
14649  23839  3
14651  23840  1
14685  23847  7
14880  23888  41
14893  23890  2
14895  23891  1
14897  23893  2
14898  23894  1
14899  23896  2
14901  23897  1
14902  23900  3
14905  23902  2
14939  23912  10
15136  24065  153
15138  24069  4
15143  24070  1
15149  24071  1
15195  24073  2
15427  24074  1
15433  24076  2
15648  24082  6
15660  24083  1
15671  24084  1
15678  24085  1
16160  24119  34
16162  24129  10
16167  24132  3
16672  24150  18
16684  24152  2
16686  24158  6
16706  24159  1
16707  24161  2
16708  24162  1
16709  24163  1
16710  24164  1
16711  24166  2
16713  24168  2
16715  24172  4
16716  24176  4
16717  24181  5
16718  24196  15
16720  24201  5
16721  24202  1
16722  24211  9
16723  24212  1
16724  24216  4
16725  24217  1
16726  24218  1
16729  24219  1
16738  24237  18
16739  24239  2
16740  24244  5
16742  24246  2
16743  24248  2
16744  24254  6
16745  24255  1
16747  24256  1
16748  24305  49
16749  24312  7
16750  24375  63
16752  24383  8
16753  24385  2
16754  24411  26
16755  24430  19
16756  24443  13
16757  24450  7
16759  24451  1
16762  24452  1
16928  24454  2
16942  24457  3
16969  24459  2
16972  24460  1
16975  24461  1
16978  24464  3
16979  24465  1
16985  24467  2
16993  24490  23
17000  24491  1
17001  24501  10
17002  24502  1
17004  24504  2
17007  24531  27
17010  24554  23
17013  24622  68
17017  24630  8
17184  24633  3
17198  24634  1
17217  24638  4
17221  24641  3
17224  24646  5
17225  24651  5
17227  24653  2
17228  24654  1
17231  24658  4
17234  24659  1
17236  24660  1
17237  24662  2
17249  24688  26
17256  24721  33
17257  24727  6
17260  24729  2
17263  24770  41
17266  24774  4
17269  24777  3
17273  24779  2
17440  24788  9
17454  24791  3
17473  24795  4
17477  24802  7
17481  24806  4
17484  24807  1
17487  24809  2
17490  24810  1
17491  24811  1
17494  24812  1
17495  24813  1
17497  24815  2
17505  24832  17
17513  24839  7
17514  24840  1
17519  24862  22
17522  24867  5
17525  24873  6
17529  24874  1
17696  24892  18
17709  24893  1
17710  24897  4
17722  24898  1
17729  24903  5
17730  24904  1
17731  24907  3
17732  24913  6
17734  24915  2
17735  24916  1
17736  24917  1
17740  24923  6
17741  24926  3
17742  24935  9
17744  24936  1
17746  24953  17
17747  24963  10
17748  24966  3
17751  24967  1
17752  24968  1
17761  24973  5
17763  24975  2
17764  24982  7
17767  24988  6
17769  24989  1
17772  24996  7
17773  25000  4
17774  25019  19
17777  25020  1
17778  25025  5
17779  25026  1
17780  25027  1
17781  25031  4
17782  25032  1
17783  25033  1
17784  25036  3
17952  25041  5
17964  25042  1
17966  25044  2
17985  25045  1
17990  25047  2
17993  25051  4
17998  25085  34
17999  25087  2
18002  25090  3
18004  25091  1
18005  25094  3
18017  25098  4
18025  25102  4
18028  25103  1
18031  25120  17
18034  25145  25
18037  25148  3
18208  25152  4
18221  25153  1
18222  25155  2
18241  25156  1
18245  25158  2
18255  25159  1
18258  25160  1
18260  25161  1
18261  25162  1
18273  25169  7
18280  25171  2
18281  25179  8
18284  25180  1
18287  25207  27
18290  25213  6
18293  25215  2
18295  25216  1
18464  25218  2
18478  25220  2
18497  25227  7
18501  25243  16
18505  25250  7
18511  25252  2
18515  25253  1
18521  25255  2
18529  25295  40
18537  25315  20
18543  25330  15
18549  25342  12
18553  25343  1
18720  25669  326
18725  25670  1
18727  25691  21
18732  25693  2
18733  25694  1
18734  25699  5
18753  25702  3
18755  25704  2
18756  25706  2
18757  25711  5
18758  25712  1
18759  25713  1
18761  25723  10
18764  25725  2
18765  25726  1
18766  25738  12
18767  25741  3
18770  25742  1
18771  25746  4
18772  25751  5
18773  25753  2
18774  25755  2
18776  25756  1
18786  25760  4
18790  25772  12
18796  25773  1
18797  25774  1
18798  25811  37
18802  25814  3
18803  25827  13
18804  25889  62
18990  25890  1
19009  25891  1
19013  25892  1
19029  25893  1
19041  25905  12
19049  25909  4
19055  25926  17
19061  25933  7
19232  25934  1
19269  25935  1
19273  25938  3
19278  25939  1
19282  25941  2
19297  25947  6
19304  25951  4
19305  25970  19
19310  25976  6
19311  25979  3
19317  25981  2
19488  25990  9
19495  25993  3
19502  25995  2
19521  26003  8
19522  26004  1
19524  26008  4
19525  26011  3
19529  26016  5
19532  26019  3
19535  26023  4
19541  26025  2
19542  26026  1
19545  26027  1
19553  26044  17
19561  26056  12
19567  26082  26
19573  26091  9
19577  26092  1
19744  26096  4
19758  26105  9
19777  26109  4
19781  26110  1
19785  26114  4
19791  26115  1
19792  26116  1
19795  26119  3
19797  26120  1
19801  26122  2
19809  26165  43
19811  26168  3
19817  26182  14
19823  26200  18
19826  26251  51
19829  26264  13
19831  26265  1
19833  26273  8
19872  26274  1
20000  26280  6
20003  26309  29
20007  26310  1
20009  26311  1
20012  26313  2
20013  26314  1
20014  26316  2
20035  26319  3
20036  26327  8
20037  26328  1
20038  26329  1
20039  26332  3
20041  26335  3
20047  26337  2
20051  26339  2
20052  26344  5
20053  26345  1
20057  26346  1
20065  26359  13
20073  26366  7
20079  26399  33
20085  26404  5
20089  26405  1
20256  26439  34
20269  26440  1
20270  26441  1
20275  26442  1
20276  26444  2
20289  26445  1
20290  26446  1
20293  26447  1
20294  26455  8
20295  26457  2
20300  26461  4
20301  26464  3
20302  26476  12
20303  26477  1
20304  26479  2
20306  26493  14
20307  26495  2
20308  26498  3
20309  26502  4
20311  26504  2
20322  26505  1
20323  26508  3
20324  26509  1
20326  26511  2
20328  26518  7
20332  26527  9
20333  26531  4
20334  26540  9
20338  26548  8
20339  26551  3
20341  26554  3
20512  26555  1
20517  26556  1
20526  26557  1
20545  26561  4
20549  26566  5
20552  26567  1
20553  26568  1
20559  26575  7
20560  26576  1
20562  26580  4
20564  26589  9
20565  26590  1
20577  26607  17
20584  26612  5
20585  26616  4
20588  26624  8
20591  26633  9
20594  26643  10
20597  26645  2
20780  26646  1
20853  26655  9
21024  26661  6
21031  26662  1
21038  26667  5
21057  26676  9
21059  26677  1
21061  26686  9
21062  26687  1
21063  26688  1
21065  26696  8
21068  26698  2
21069  26699  1
21070  26700  1
21071  26705  5
21075  26708  3
21076  26709  1
21077  26710  1
21081  26712  2
21083  26713  1
21089  26721  8
21097  26728  7
21103  26739  11
21109  26743  4
21175  26744  1
21280  26765  21
21292  26766  1
21293  26767  1
21294  26775  8
21306  26777  2
21313  26778  1
21315  26780  2
21317  26782  2
21320  26785  3
21321  26791  6
21324  26792  1
21327  26794  2
21328  26796  2
21331  26799  3
21332  26805  6
21333  26806  1
21338  26807  1
21345  26833  26
21346  26834  1
21347  26846  12
21352  26866  20
21353  26885  19
21356  26886  1
21357  26888  2
21358  26889  1
21359  26912  23
21360  26924  12
21364  26939  15
21365  26951  12
21367  26954  3
21369  26960  6
21536  26966  6
21543  26967  1
21549  26968  1
21550  26971  3
21563  26972  1
21569  26978  6
21571  26979  1
21573  26995  16
21576  27016  21
21577  27024  8
21583  27034  10
21586  27036  2
21587  27039  3
21591  27041  2
21593  27042  1
21601  27049  7
21608  27128  79
21609  27130  2
21615  27147  17
21618  27153  6
21619  27154  1
21621  27156  2
21623  27158  2
21792  27160  2
21825  27161  1
21826  27162  1
21827  27165  3
21828  27166  1
21829  27167  1
21831  27168  1
21836  27171  3
21837  27173  2
21838  27175  2
21842  27181  6
21843  27189  8
21844  27192  3
21868  27196  4
21870  27202  6
21872  27211  9
21874  27215  4
21875  27216  1
22055  27217  1
22062  27218  1
22081  27219  1
22085  27220  1
22089  27221  1
22095  27223  2
22113  27227  4
22121  27230  3
22127  27235  5
22304  27236  1
22318  27237  1
22341  27239  2
22344  27242  3
22345  27244  2
22351  27246  2
22354  27247  1
22369  27268  21
22376  27305  37
22377  27327  22
22383  27330  3
22386  27332  2
22393  27333  1
22560  27335  2
22567  27336  1
22575  27337  1
22612  27338  1
22614  27342  4
22616  27343  1
22633  27344  1
22816  27350  6
22823  27351  1
22830  27353  2
22849  27354  1
22863  27355  1
22881  27358  3
22895  27377  19
22896  27378  1
22901  27379  1
23109  27380  1
23137  27388  8
23157  27390  2
23345  27402  12
23346  27406  4
23347  27409  3
23348  27411  2
23349  27413  2
23351  27415  2
23353  27419  4
23361  27420  1
23366  27441  21
23368  27442  1
23369  27443  1
23379  27447  4
23380  27448  1
23393  27449  1
23395  27451  2
23411  27453  2
23412  27454  1
23415  27455  1
23840  27511  56
23842  27512  1
23854  27514  2
23860  27515  1
23867  27517  2
23873  27518  1
23877  27519  1
23885  27520  1
23897  27521  1
23907  27522  1
23911  27523  1
23913  27524  1
23920  27525  1
23923  27526  1
24138  27527  1
24352  27533  6
24364  27534  1
24387  27535  1
24389  27536  1
24400  27537  1
24403  27538  1
24415  27980  442
24422  27981  1
24423  27982  1
24430  27983  1
24432  27984  1
24864  28536  552
24865  28538  2
24871  28557  19
24873  28560  3
24876  28597  37
24877  28600  3
24878  28608  8
24891  28609  1
24927  28610  1
24929  28618  8
24930  28775  157
24931  29012  237
24932  29259  247
24934  29305  46
24935  29398  93
24936  29447  49
24937  29854  407
24938  29863  9
24939  29909  46
24940  30517  608
24941  30689  172
24942  32643  1954
24943  32650  7
24944  32759  109
24945  32760  1
24946  33386  626
24947  34107  721
24948  35076  969
24949  35145  69
24950  35204  59
24951  35307  103
24952  35310  3
24953  35616  306
24954  35636  20
24957  35637  1
24978  35638  1
25120  35650  12
25132  35651  1
25133  35652  1
25134  35669  17
25179  35670  1
25185  35787  117
25186  35801  14
25187  35802  1
25188  35805  3
25192  35806  1
25193  35892  86
25194  35893  1
25196  35968  75
25197  35970  2
25198  35971  1
25199  36128  157
25200  36129  1
25202  36224  95
25203  36239  15
25204  36253  14
25205  36466  213
25206  36468  2
25209  36543  75
25213  36544  1
25376  36592  48
25378  36593  1
25383  36595  2
25388  36601  6
25389  36602  1
25390  36611  9
25402  36612  1
25411  36615  3
25428  36616  1
25437  36617  1
25441  36840  223
25443  36910  70
25444  36911  1
25448  37245  334
25449  37369  124
25451  37542  173
25452  37597  55
25455  37983  386
25456  37984  1
25457  37987  3
25458  38053  66
25459  38056  3
25460  38171  115
25461  38260  89
25464  38265  5
25465  38281  16
25632  40159  1878
25633  40165  6
25634  40170  5
25637  40173  3
25639  40183  10
25641  40184  1
25644  40370  186
25645  40389  19
25646  40443  54
25658  40447  4
25659  40459  12
25691  40460  1
25697  40580  120
25700  40607  27
25703  40610  3
25704  40611  1
25705  40887  276
25706  40888  1
25708  40922  34
25709  40930  8
25710  40960  30
25711  41183  223
25712  41186  3
25714  41254  68
25715  41389  135
25716  41390  1
25717  41457  67
25718  41460  3
25719  41465  5
25721  41518  53
25825  41519  1
25830  41520  1
26144  42344  824
26145  42345  1
26151  42346  1
26156  42350  4
26157  42362  12
26158  42365  3
26209  42529  164
26210  42530  1
26214  42613  83
26217  42765  152
26220  42802  37
26223  43111  309
26226  43247  136
26227  43250  3
26228  43286  36
26229  43361  75
26233  43373  12
26400  44195  822
26401  44196  1
26407  44203  7
26409  44205  2
26412  44316  111
26413  44329  13
26414  44362  33
26420  44401  39
26426  44405  4
26427  44419  14
26431  44421  2
26459  44422  1
26461  44423  1
26465  44530  107
26468  44536  6
26471  44550  14
26472  44984  434
26473  45074  90
26476  45169  95
26477  45173  4
26478  45211  38
26479  45346  135
26482  45422  76
26483  45502  80
26484  45504  2
26485  45544  40
26489  45558  14
26501  45559  1
26656  46354  795
26657  46360  6
26658  46362  2
26663  46366  4
26668  46461  95
26669  46469  8
26670  46522  53
26682  46526  4
26683  46537  11
26687  46540  3
26715  46541  1
26717  46542  1
26721  47492  950
26722  47494  2
26723  47495  1
26724  47505  10
26726  47519  14
26727  47520  1
26729  48653  1133
26731  48655  2
26732  48665  10
26733  48675  10
26734  48682  7
26735  49189  507
26738  49287  98
26739  49304  17
26740  49595  291
26741  49676  81
26743  49685  9
26745  49742  57
26849  49743  1
26912  49766  23
26914  49767  1
26919  49773  6
26921  49774  1
26924  49788  14
26925  49789  1
26926  49801  12
26958  49802  1
26973  49803  1
26975  49804  1
26977  49967  163
26978  49998  31
26979  50478  480
26980  50742  264
26982  50858  116
26983  51095  237
26985  51117  22
26986  51119  2
26987  51136  17
26988  51524  388
26989  51784  260
26990  53717  1933
26991  54245  528
26992  54312  67
26993  54315  3
26994  54529  214
26995  55532  1003
26996  56540  1008
26997  56548  8
26998  56615  67
27000  56628  13
27001  56631  3
27002  56645  14
27168  56647  2
27233  56696  49
27242  56698  2
27247  56715  17
27253  56746  31
27424  56992  246
27425  56993  1
27431  56996  3
27436  57026  30
27437  57035  9
27438  57053  18
27450  57054  1
27451  57056  2
27455  57058  2
27489  57071  13
27490  57072  1
27491  57073  1
27494  57075  2
27495  57076  1
27496  57088  12
27497  57215  127
27499  57216  1
27500  57231  15
27501  57235  4
27502  57320  85
27503  57322  2
27506  57324  2
27507  57386  62
27508  57387  1
27509  57390  3
27511  57396  6
27513  57401  5
27680  57890  489
27681  57893  3
27682  57894  1
27687  57898  4
27692  57970  72
27693  58002  32
27694  58033  31
27707  58035  2
27711  58036  1
27745  58354  318
27746  58358  4
27747  58369  11
27748  58676  307
27750  58693  17
27751  58698  5
27752  58701  3
27753  59038  337
27755  59072  34
27756  59611  539
27757  59653  42
27758  59654  1
27759  59954  300
27760  59957  3
27762  59966  9
27763  60051  85
27764  60118  67
27765  60169  51
27766  60172  3
27767  60188  16
27769  60516  328
27770  60519  3
27898  60520  1
27936  60895  375
27937  60896  1
27938  60899  3
27939  60910  11
27943  60911  1
27945  60912  1
27948  60980  68
27949  60984  4
27950  61004  20
27962  61009  5
27963  61020  11
27967  61022  2
27995  61023  1
28001  61356  333
28002  61385  29
28004  61387  2
28006  61394  7
28008  61395  1
28009  61607  212
28010  61608  1
28012  61610  2
28013  61670  60
28014  61674  4
28015  61866  192
28016  61986  120
28018  61989  3
28019  62033  44
28020  62034  1
28021  62124  90
28025  62256  132
28141  62257  1
28154  62258  1
28192  63686  1428
28193  63691  5
28194  63692  1
28197  63693  1
28199  63780  87
28201  63782  2
28204  63975  193
28205  64006  31
28206  64078  72
28218  64085  7
28219  64109  24
28223  64112  3
28251  64113  1
28257  64299  186
28258  64300  1
28259  64404  104
28260  65938  1534
28262  65976  38
28263  67092  1116
28264  67101  9
28265  67334  233
28266  67341  7
28267  67442  101
28268  67495  53
28269  67496  1
28270  67537  41
28271  67960  423
28272  67962  2
28273  67970  8
28274  67977  7
28275  68276  299
28276  68687  411
28277  68721  34
28278  68738  17
28279  68746  8
28280  68752  6
28281  68855  103
28282  68856  1
28387  68857  1
28448  69900  1043
28449  69904  4
28455  69910  6
28460  69964  54
28461  69989  25
28462  69999  10
28474  70001  2
28475  70005  4
28479  70011  6
28513  70083  72
28514  70131  48
28515  70207  76
28516  70362  155
28518  71075  713
28519  71103  28
28520  71122  19
28521  71197  75
28522  71199  2
28523  71295  96
28524  71521  226
28525  71872  351
28526  73022  1150
28527  73355  333
28528  73442  87
28529  73443  1
28530  74342  899
28531  74490  148
28532  74829  339
28533  76073  1244
28534  76099  26
28535  76470  371
28536  76482  12
28537  76510  28
28538  76512  2
28704  76605  93
28705  76607  2
28706  76608  1
28711  76612  4
28716  76632  20
28717  76635  3
28718  76652  17
28730  76655  3
28731  76659  4
28769  76857  198
28770  76858  1
28776  76890  32
28777  77001  111
28779  77003  2
28780  77082  79
28783  77297  215
28784  77359  62
28786  77471  112
28787  77520  49
28788  77557  37
28789  77632  75
28791  77633  1
28793  77649  16
29045  77699  50
29216  78292  593
29217  78294  2
29218  78297  3
29223  78307  10
29228  78362  55
29229  78369  7
29230  78423  54
29243  78428  5
29247  78430  2
29279  78431  1
29281  78797  366
29282  78811  14
29283  78860  49
29284  79062  202
29286  79069  7
29287  79135  66
29288  79140  5
29289  79537  397
29291  79599  62
29292  79660  61
29293  79755  95
29294  79839  84
29295  80319  480
29296  80332  13
29297  80333  1
29298  80429  96
29299  80573  144
29300  80856  283
29301  80959  103
29302  80963  4
29303  80973  10
29305  81129  156
29306  81131  2
29409  81132  1
29421  81134  2
29430  81135  1
29472  83186  2051
29473  83201  15
29474  83206  5
29479  83214  8
29481  83216  2
29484  83443  227
29485  83458  15
29486  83558  100
29498  83564  6
29499  83584  20
29501  83585  1
29503  83593  8
29531  83594  1
29537  83864  270
29538  83885  21
29539  83940  55
29540  83945  5
29542  83955  10
29543  83961  6
29544  84219  258
29545  84504  285
29547  84547  43
29548  84595  48
29549  84647  52
29550  84666  19
29551  84955  289
29552  85040  85
29553  85046  6
29554  85047  1
29555  85193  146
29556  85839  646
29557  85987  148
29559  86011  24
29561  86025  14
29562  86026  1
29665  86027  1
29670  86028  1
29728  88046  2018
29729  88054  8
29730  88057  3
29733  88058  1
29735  88091  33
29737  88092  1
29740  88288  196
29741  88306  18
29742  88393  87
29754  88396  3
29755  88417  21
29759  88423  6
29787  88424  1
29791  88425  1
29793  88713  288
29795  88741  28
29798  88747  6
29800  90268  1521
29801  90917  649
29804  90968  51
29805  90991  23
29806  90994  3
29807  91778  784
29808  91780  2
29810  91995  215
29811  92176  181
29812  92244  68
29813  92377  133
29815  92425  48
29817  92577  152
29818  92578  1
29929  92579  1
29984  92766  187
29985  92768  2
29991  92774  6
29996  92796  22
29997  92799  3
29998  92806  7
30011  92808  2
30015  92813  5
30047  92814  1
30049  92887  73
30050  92928  41
30051  93063  135
30052  93102  39
30054  93119  17
30055  93324  205
30056  93328  4
30057  93403  75
30059  93410  7
30060  93741  331
30061  93817  76
30062  94183  366
30063  94212  29
30064  94346  134
30066  94766  420
30067  95152  386
30068  95612  460
30069  95613  1
30072  95618  5
30073  95623  5
30074  95628  5
30240  95629  1
30247  95630  1
30254  95635  5
30305  95693  58
30313  95813  120
30319  95861  48
30322  95863  2
30323  95867  4
30329  95871  4
30451  95872  1
30496  96060  188
30503  96064  4
30508  96105  41
30509  96111  6
30510  96116  5
30523  96118  2
30527  96121  3
30561  96619  498
30562  96620  1
30564  96626  6
30566  96639  13
30568  97026  387
30569  97432  406
30572  97453  21
30574  97592  139
30575  97814  222
30578  97831  17
30579  97867  36
30580  97869  2
30581  97872  3
30689  97873  1
30752  97888  15
30764  97894  6
30765  97895  1
30766  97896  1
30817  97898  2
30825  97908  10
30836  97913  5
30837  97914  1
30838  97919  5
30839  97921  2
30840  97924  3
31008  99003  1079
31009  99009  6
31010  99011  2
31015  99022  11
31017  99024  2
31020  99213  189
31021  99229  16
31022  99293  64
31034  99295  2
31035  99320  25
31039  99324  4
31069  99325  1
31073  99351  26
31074  99356  5
31075  99362  6
31076  99364  2
31078  99367  3
31080  99369  2
31081  99422  53
31083  99424  2
31084  99429  5
31085  99441  12
31086  99449  8
31087  99698  249
31088  99710  12
31090  99725  15
31091  99805  80
31092  99824  19
31093  99825  1
31095  99827  2
31097  99829  2
31199  99830  1
31201  99831  1
31264  99832  1
31265  99833  1
31276  99834  1
31329  99850  16
31330  99851  1
31336  99852  1
31337  99866  14
31340  99867  1
31343  99871  4
31346  99872  1
31353  99875  3
31354  99878  3
31776  99901  23
31789  99902  1
31790  99934  32
32908  99935  1
32999  99936  1
37092  99937  1
37093  99939  2
37491  99940  1
37709  99941  1
37920  99943  2
38176  99944  1
38528  99945  1
39517  99946  1
39577  99947  1
40046  99948  1
40869  99949  1
41074  99951  2
41120  99955  4
41842  99956  1
43928  99957  1
44859  99958  1
45139  99959  1
47243  99960  1
47253  99961  1
47519  99962  1
48612  99963  1
49517  99964  1
57188  99965  1
57632  99967  2
57644  99968  1
57645  99969  1
57698  99971  2
57704  99973  2
57707  99974  1
57708  99976  2
57709  99978  2
57716  99979  1
58765  99980  1
58773  99981  1
58912  99982  1
58977  99983  1
59068  99984  1
59777  99985  1
59805  99986  1
59808  99987  1
60717  99988  1
60774  99989  1
60782  99990  1
60786  99992  2
60788  99994  2
62567  99995  1
64032  99997  2
64114  99999  2
64609  100000  1
